  Mon 07-JAN-2013 10:57 Workspace: directbeam_new_hist
 
  175    0    0    0    1  175    0
         0         0         0         0
 3 (F12.5,2E16.6)
     0.85000    1.055422e+00    9.942084e-02
     0.95000    1.070065e+00    5.908344e-02
     1.05000    1.280480e+00    4.265766e-02
     1.15000    2.980343e+00    5.920325e-02
     1.25000    3.162985e+00    3.931808e-02
     1.35000    4.784611e+00    4.652681e-02
     1.45000    4.463548e+00    3.706921e-02
     1.55000    4.538178e+00    3.823633e-02
     1.65000    4.514068e+00    4.338080e-02
     1.75000    3.739987e+00    4.266200e-02
     1.85000    4.043430e+00    5.564299e-02
     1.95000    3.827320e+00    5.739460e-02
     2.05000    3.428195e+00    5.511619e-02
     2.15000    2.926261e+00    6.685520e-02
     2.25000    2.050743e+00    6.443874e-02
     2.35000    2.002201e+00    5.241510e-02
     2.45000    2.006659e+00    4.093929e-02
     2.55000    1.970578e+00    3.023246e-02
     2.65000    1.922253e+00    2.422308e-02
     2.75000    1.970426e+00    2.114260e-02
     2.85000    1.925430e+00    1.971341e-02
     2.95000    1.845092e+00    1.832230e-02
     3.05000    1.824071e+00    1.755230e-02
     3.15000    1.792306e+00    1.673853e-02
     3.25000    1.742359e+00    1.609745e-02
     3.35000    1.680094e+00    1.540696e-02
     3.45000    1.639172e+00    1.511519e-02
     3.55000    1.640496e+00    1.533080e-02
     3.65000    1.574836e+00    1.493731e-02
     3.75000    1.577147e+00    1.516765e-02
     3.85000    1.552038e+00    1.510939e-02
     3.95000    1.467111e+00    1.445372e-02
     4.05000    1.501075e+00    1.472521e-02
     4.15000    1.573564e+00    1.497373e-02
     4.25000    1.614724e+00    1.465436e-02
     4.35000    1.623831e+00    1.412844e-02
     4.45000    1.617389e+00    1.382261e-02
     4.55000    1.621274e+00    1.391621e-02
     4.65000    1.631618e+00    1.399206e-02
     4.75000    1.675552e+00    1.429779e-02
     4.85000    1.681933e+00    1.441771e-02
     4.95000    1.665955e+00    1.449874e-02
     5.05000    1.683231e+00    1.495029e-02
     5.15000    1.626943e+00    1.478029e-02
     5.25000    1.608577e+00    1.501406e-02
     5.35000    1.600030e+00    1.520979e-02
     5.45000    1.580770e+00    1.522473e-02
     5.55000    1.615143e+00    1.571634e-02
     5.65000    1.581592e+00    1.549704e-02
     5.75000    1.596226e+00    1.580496e-02
     5.85000    1.575364e+00    1.578860e-02
     5.95000    1.532499e+00    1.558394e-02
     6.05000    1.582811e+00    1.619777e-02
     6.15000    1.549770e+00    1.594361e-02
     6.25000    1.560504e+00    1.619634e-02
     6.35000    1.553713e+00    1.626686e-02
     6.45000    1.525465e+00    1.611230e-02
     6.55000    1.545557e+00    1.665736e-02
     6.65000    1.483150e+00    1.640050e-02
     6.75000    1.495866e+00    1.688701e-02
     6.85000    1.474288e+00    1.707774e-02
     6.95000    1.437599e+00    1.702530e-02
     7.05000    1.473405e+00    1.786125e-02
     7.15000    1.427705e+00    1.770195e-02
     7.25000    1.435789e+00    1.817518e-02
     7.35000    1.419872e+00    1.847171e-02
     7.45000    1.389432e+00    1.845782e-02
     7.55000    1.417423e+00    1.926111e-02
     7.65000    1.396156e+00    1.936550e-02
     7.75000    1.411634e+00    2.000516e-02
     7.85000    1.425257e+00    2.065083e-02
     7.95000    1.404251e+00    2.077657e-02
     8.05000    1.443330e+00    2.189265e-02
     8.15000    1.438791e+00    2.223014e-02
     8.25000    1.453293e+00    2.291029e-02
     8.35000    1.469722e+00    2.369360e-02
     8.45000    1.450099e+00    2.387992e-02
     8.55000    1.504939e+00    2.533069e-02
     8.65000    1.454452e+00    2.523366e-02
     8.75000    1.463974e+00    2.591667e-02
     8.85000    1.490764e+00    2.694284e-02
     8.95000    1.462531e+00    2.702255e-02
     9.05000    1.506951e+00    2.839164e-02
     9.15000    1.515033e+00    2.895255e-02
     9.25000    1.512853e+00    2.943265e-02
     9.35000    1.485721e+00    2.984961e-02
     9.45000    1.444879e+00    2.966305e-02
     9.55000    1.449530e+00    3.042873e-02
     9.65000    1.442523e+00    3.067675e-02
     9.75000    1.431822e+00    3.085955e-02
     9.85000    1.448437e+00    3.185177e-02
     9.95000    1.397448e+00    3.139967e-02
    10.05000    1.409659e+00    3.224848e-02
    10.15000    1.409737e+00    3.259054e-02
    10.25000    1.372485e+00    3.230741e-02
    10.35000    1.383123e+00    3.336781e-02
    10.45000    1.330357e+00    3.277488e-02
    10.55000    1.321901e+00    3.311685e-02
    10.65000    1.309410e+00    3.323589e-02
    10.75000    1.293284e+00    3.319737e-02
    10.85000    1.346242e+00    3.512537e-02
    10.95000    1.245585e+00    3.366392e-02
    11.05000    1.209979e+00    3.355445e-02
    11.15000    1.228722e+00    3.428950e-02
    11.25000    1.245187e+00    3.482048e-02
    11.35000    1.199751e+00    3.470313e-02
    11.45000    1.106914e+00    3.322422e-02
    11.55000    1.184163e+00    3.528357e-02
    11.65000    1.156167e+00    3.520631e-02
    11.75000    1.123024e+00    3.478400e-02
    11.85000    1.145910e+00    3.613935e-02
    11.95000    1.091198e+00    3.521869e-02
    12.05000    1.075767e+00    3.530174e-02
    12.15000    1.087550e+00    3.613163e-02
    12.25000    1.077498e+00    3.620231e-02
    12.35000    1.058602e+00    3.666293e-02
    12.45000    9.829470e-01    3.519999e-02
    12.55000    9.477703e-01    3.473072e-02
    12.65000    9.808379e-01    3.610053e-02
    12.75000    1.007150e+00    3.692356e-02
    12.85000    9.521907e-01    3.606373e-02
    12.95000    8.898308e-01    3.490517e-02
    13.05000    9.001817e-01    3.564568e-02
    13.15000    9.181701e-01    3.656598e-02
    13.25000    8.958469e-01    3.617656e-02
    13.35000    8.821259e-01    3.644496e-02
    13.45000    8.761531e-01    3.658122e-02
    13.55000    8.503103e-01    3.628122e-02
    13.65000    8.305826e-01    3.621800e-02
    13.75000    8.270747e-01    3.626057e-02
    13.85000    8.150418e-01    3.656059e-02
    13.95000    7.780089e-01    3.586168e-02
    14.05000    8.041015e-01    3.688126e-02
    14.15000    7.621458e-01    3.559440e-02
    14.25000    7.476452e-01    3.484735e-02
    14.35000    7.333699e-01    3.629321e-02
    14.45000    7.193435e-01    3.611862e-02
    14.55000    7.055893e-01    3.597363e-02
    14.65000    6.921331e-01    3.729386e-02
    14.75000    6.790047e-01    3.629873e-02
    14.85000    6.662314e-01    3.677568e-02
    14.95000    6.538393e-01    3.603092e-02
    15.05000    6.418543e-01    3.529090e-02
    15.15000    6.303033e-01    3.703598e-02
    15.25000    6.192107e-01    3.689500e-02
    15.35000    6.086005e-01    3.826937e-02
    15.45000    5.984997e-01    4.102505e-02
    15.55000    5.889309e-01    3.709401e-02
    15.65000    5.799334e-01    3.678536e-02
    15.75000    5.715572e-01    3.651197e-02
    15.85000    5.638344e-01    3.620200e-02
    15.95000    5.567304e-01    3.593306e-02
    16.05000    5.501976e-01    3.570258e-02
    16.15000    5.441889e-01    3.550782e-02
    16.25000    5.386587e-01    3.534634e-02
    16.35000    5.335625e-01    3.521557e-02
    16.45000    5.288577e-01    3.511317e-02
    16.55000    5.245032e-01    3.503666e-02
    16.65000    5.204593e-01    3.498378e-02
    16.75000    5.166870e-01    3.495222e-02
    16.85000    5.131489e-01    3.493977e-02
    16.95000    5.098088e-01    3.494411e-02
    17.05000    5.066308e-01    3.496310e-02
    17.15000    5.035814e-01    3.499451e-02
    17.25000    5.006280e-01    3.503622e-02
    17.35000    4.977366e-01    3.508606e-02
    17.45000    4.948776e-01    3.514189e-02
    17.55000    4.920195e-01    3.520152e-02
    17.65000    4.891341e-01    3.526285e-02
    17.75000    4.861916e-01    3.532371e-02
    17.85000    4.831701e-01    3.542150e-02
    17.95000    4.800693e-01    3.551614e-02
    18.05000    4.768946e-01    3.560773e-02
    18.15000    4.736502e-01    3.569659e-02
    18.25000    4.703410e-01    3.578279e-02
